679.05
246.2902677913084,873.4782210798153
611.1497288075528,215.47895394024627,941.0258012526392
185.63646195039883,1005.3495018462105,483.49522489137155,819.7155648349476
394.5441653986144,873.9889154620929,1032.7912198292106,649.4024317805425,185.63325452933532
892.5507228448529,749.7131722012296,305.9969329283621,552.5899725058329,159.68610125878394,1037.2546425163507
579.3284554028256,394.5411756894396,880.6621643494019,1034.409024484501,757.2000000007096,185.63325443246174,677.4338934972972
729.6712465976887,521.75,159.6877371550472,316.6155407336031,1034.953914818063,591.3284070603935,738.4999994024873,883.0871980828414
815.2236246197837,698.5999909563049,572.9994538132622,863.0543810628072,772.9998923610798,1045.4125222888774,922.6802835517175,185.63625892650956,383.1239237924909
185.63625894227087,618.6558897223563,750.0295977006981,540.7500286259142,882.3178676536104,383.1245232195778,706.7699528790955,1034.7803649785992,651.000016045226,559.6779560150092
316.6152992431884,591.7490838743894,836.1319794071461,159.68773711147773,1043.4568375870513,666.6657773534378,724.6878431660328,738.4999212322609,910.1665130594205,828.0733237952843,528.1998802652279
506.33333419343256,700.3333333333334,829.6854763165468,590.5,346.9728857344458,1045.7768382223935,920.7424177580369,587.0000001590021,845.2890361443631,723.0000083755132,177.39277877442157,738.5000000000005
736.0,185.63636363636363,760.7631990125041,562.3469452322873,648.8029142664801,823.9976738283609,554.5,700.0015740924058,383.1249999999668,801.3469720021644,897.2906915108556,486.0,1038.7313650756441
864.1398621206747,554.499997690442,185.6332567332028,1046.0421263277337,740.4026872416625,394.5443016791524,651.0,707.9995518016932,825.1948193778724,561.6238583217557,567.9999999999993,827.4825714730847,621.1386361867192,928.0767866118224
709.4021952116985,732.5000152161408,822.0411849455312,477.9999999998844,607.2499991064311,925.89335264119,568.0,1074.6951782989515,559.5000072166522,864.8681536634801,177.39310086533138,968.8972013422065,346.97389390528303,520.500000000161,744.4999995422677
486.0,708.0000202271989,694.2106366308304,624.9903609762072,478.00000031742184,559.5030916476802,674.9968316303601,558.9999971814725,837.9343213759865,1057.926425843961,771.3033898600892,177.39590625476828,890.9676187000254,346.9836105486886,744.5628209053208,944.0294155370003
723.0,557.666666789204,825.0000669940747,675.0,732.5000014003703,827.4991536150629,520.4999999999998,383.1249999900588,744.500000230619,624.0000000046059,865.3293275836371,928.332213990929,1046.1174581329278,627.0,713.0,185.63636363484719,567.9999999999909
832.0,383.1245233058747,536.3333333329336,820.3333333332907,559.7302986632942,1044.3594123483006,185.63625894227317,554.170766745666,590.5,698.0000000012138,699.0154071819903,623.9999808325517,769.2770489909594,786.6819540568058,744.5005671878923,904.854456979464,868.066794492387,699.5000000000003
698.0,898.3015404971709,383.12499999003256,567.9999999997906,650.9894794764912,559.500591118512,736.0,769.3256030553779,531.6666667115877,185.63636363484719,651.058479396172,702.0990361474128,775.1988021307576,650.8757621900945,623.9999261975078,695.4354948161456,802.9332416496433,844.000000000606,1039.1951827553721
747.9999999685436,346.9836105720453,753.3333599889124,832.0,870.1140323393688,824.0000000000031,694.0000000190406,686.4997306081633,477.99999999988484,604.3333333216964,818.9999999999999,913.6066250486265,177.39590625487367,561.0000000095232,712.9999999935495,486.0,554.4999999999998,792.999424987081,1039.080426248058,627.0001334126617
745.5649243944521,1039.0035961028327,185.63636363636363,561.499999999991,698.0,554.0,623.6862902006081,675.0,559.4755145904453,694.0000000072321,748.0,675.0,864.3795633502498,912.3461644007193,832.0,835.382639480416,383.1249999999972,713.0,627.0,782.2708732241331,486.0
568.0,621.1386361867193,860.4872826087462,627.0,738.5,836.2499999994506,346.97287523220194,748.0,177.39277708390978,698.0000000000016,621.1386361867194,833.5003042354388,927.6253529580016,853.1091613813418,481.999999999984,675.0,1045.9426843753697,555.0,561.6238583217556,820.3333333281045,554.0,713.0
869.8727978395567,177.39590625536988,696.0000006388057,486.0,1081.659546856038,623.9999992247426,853.391089474229,567.9999999999999,651.0000000000005,554.0989545321869,824.504212095451,809.0693042601303,554.9233797770047,744.4999838716121,559.5000000617961,770.9999999767535,346.98361057357346,724.0016200348156,702.0000349893886,747.988375532049,987.5860483957163,477.99999999988484,921.2594988283562
819.0,924.8696614678187,712.9999958192616,861.3333535665338,771.0,696.0000208089583,568.0,835.0,1046.123087764646,156.00323157725055,827.8829891983787,832.0,357.17241425926517,554.4999999999997,744.5000011308138,824.5008113617789,469.33446393987657,744.5000011308138,249.1535945640171,747.9999816144675,559.5000016182826,879.8151284784683,674.9824421360734,624.9997571655377
346.97287523220206,702.0000044826857,744.4999999901707,770.4999984764797,723.9999942927377,875.3334140326405,177.39277708390978,770.9999999970333,1039.0267109794258,627.0,564.9617539153684,554.0049305091165,481.999999999984,924.7476072942803,694.0,686.5,825.4999999627178,554.0021477461466,554.0,561.5,623.9999999997699,863.9158007755334,564.9910797050371,627.0,832.6695351936106
